24
5
0 2969 6025 11734 3831 1789 3570 10270 7261 2709 4510 10430 9032 6603 8991 7553 2485 1822 5447 4360 11756 2820 10016 9517
2969 0 3462 9171 1268 3102 1007 7707 4698 1200 1947 7867 6469 4040 6428 4990 2390 3135 2884 1797 9193 711 7453 6954
6025 3462 0 7621 2364 6158 3689 6157 3148 4256 3239 6317 4919 2490 4878 3440 5446 6191 1334 1977 7643 3767 5903 5404
11734 9171 7621 0 8073 11867 9398 3398 4615 9965 8948 2238 4330 6037 4741 5557 11155 11900 6615 7686 1840 9476 2072 2949
3831 1268 2364 8073 0 3964 1495 6609 3600 2062 1045 6769 5371 2942 5330 3892 3252 3997 1786 699 8095 1573 6355 5856
1789 3102 6158 11867 3964 0 3703 10403 7394 2842 4643 10563 9165 6736 9124 7686 2618 277 5580 4493 11889 2953 10149 9650
3570 1007 3689 9398 1495 3703 0 7934 4925 1801 2174 8094 6696 4267 6655 5217 2991 3736 3111 2024 9420 1312 7680 7181
10270 7707 6157 3398 6609 10403 7934 0 3151 8501 7484 2094 2866 4573 3277 4093 9691 10436 5151 6222 3420 8012 1680 1485
7261 4698 3148 4615 3600 7394 4925 3151 0 5492 4475 3311 1913 1564 1872 1084 6682 7427 2142 3213 4637 5003 2897 2398
2709 1200 4256 9965 2062 2842 1801 8501 5492 0 2741 8661 7263 4834 7222 5784 2130 2875 3678 2591 9987 1051 8247 7748
4510 1947 3239 8948 1045 4643 2174 7484 4475 2741 0 7644 6246 3817 6205 4767 3931 4676 2661 1574 8970 2252 7230 6731
10430 7867 6317 2238 6769 10563 8094 2094 3311 8661 7644 0 3026 4733 3437 4253 9851 10596 5311 6382 2260 8172 768 1645
9032 6469 4919 4330 5371 9165 6696 2866 1913 7263 6246 3026 0 3335 2039 2855 8453 9198 3913 4984 4352 6774 2612 2113
6603 4040 2490 6037 2942 6736 4267 4573 1564 4834 3817 4733 3335 0 3294 1856 6024 6769 1484 2555 6059 4345 4319 3820
8991 6428 4878 4741 5330 9124 6655 3277 1872 7222 6205 3437 2039 3294 0 2814 8412 9157 3872 4943 4763 6733 3023 2524
7553 4990 3440 5557 3892 7686 5217 4093 1084 5784 4767 4253 2855 1856 2814 0 6974 7719 2434 3505 5579 5295 3839 3340
2485 2390 5446 11155 3252 2618 2991 9691 6682 2130 3931 9851 8453 6024 8412 6974 0 2651 4868 3781 11177 2241 9437 8938
1822 3135 6191 11900 3997 277 3736 10436 7427 2875 4676 10596 9198 6769 9157 7719 2651 0 5613 4526 11922 2986 10182 9683
5447 2884 1334 6615 1786 5580 3111 5151 2142 3678 2661 5311 3913 1484 3872 2434 4868 5613 0 1399 6637 3189 4897 4398
4360 1797 1977 7686 699 4493 2024 6222 3213 2591 1574 6382 4984 2555 4943 3505 3781 4526 1399 0 7708 2102 5968 5469
11756 9193 7643 1840 8095 11889 9420 3420 4637 9987 8970 2260 4352 6059 4763 5579 11177 11922 6637 7708 0 9498 2094 2971
2820 711 3767 9476 1573 2953 1312 8012 5003 1051 2252 8172 6774 4345 6733 5295 2241 2986 3189 2102 9498 0 7758 7259
10016 7453 5903 2072 6355 10149 7680 1680 2897 8247 7230 768 2612 4319 3023 3839 9437 10182 4897 5968 2094 7758 0 1231
9517 6954 5404 2949 5856 9650 7181 1485 2398 7748 6731 1645 2113 3820 2524 3340 8938 9683 4398 5469 2971 7259 1231 0