20
0 2905 2964 5059 5694 2440 1294 4122 4710 2616 1638 5427 1758 4250 3079 1702 5103 5106 1370 3405
2905 0 587 7386 8021 1359 3621 6449 1929 4943 1897 7754 2667 1469 5406 4029 2322 2325 3697 5732
2964 587 0 7445 8080 1418 3680 6508 2392 5002 1956 7813 2726 1932 5465 4088 2785 2788 3756 5791
5059 7386 7445 0 2285 6921 5411 1557 9191 3783 6119 2018 6239 8731 2640 4923 9584 9587 4275 2732
5694 8021 8080 2285 0 7556 6046 2192 9826 4418 6754 787 6874 9366 3275 5558 10219 10222 4910 3367
2440 1359 1418 6921 7556 0 3156 5984 3164 4478 1432 7289 2202 2704 4941 3564 3557 3560 3232 5267
1294 3621 3680 5411 6046 3156 0 4474 5426 2968 2354 5779 2474 4966 3431 2054 5819 5822 1722 3757
4122 6449 6508 1557 2192 5984 4474 0 8254 2846 5182 1925 5302 7794 1703 3986 8647 8650 3338 1795
4710 1929 2392 9191 9826 3164 5426 8254 0 6748 3702 9559 4472 1610 7211 5834 1003 1006 5502 7537
2616 4943 5002 3783 4418 4478 2968 2846 6748 0 3676 4151 3796 6288 1803 2480 7141 7144 1832 2129
1638 1897 1956 6119 6754 1432 2354 5182 3702 3676 0 6487 1400 3242 4139 2762 4095 4098 2430 4465
5427 7754 7813 2018 787 7289 5779 1925 9559 4151 6487 0 6607 9099 3008 5291 9952 9955 4643 3100
1758 2667 2726 6239 6874 2202 2474 5302 4472 3796 1400 6607 0 4012 4259 2882 4865 4868 2550 4585
4250 1469 1932 8731 9366 2704 4966 7794 1610 6288 3242 9099 4012 0 6751 5374 2003 2006 5042 7077
3079 5406 5465 2640 3275 4941 3431 1703 7211 1803 4139 3008 4259 6751 0 2943 7604 7607 2295 986
1702 4029 4088 4923 5558 3564 2054 3986 5834 2480 2762 5291 2882 5374 2943 0 6227 6230 1234 3269
5103 2322 2785 9584 10219 3557 5819 8647 1003 7141 4095 9952 4865 2003 7604 6227 0 339 5895 7930
5106 2325 2788 9587 10222 3560 5822 8650 1006 7144 4098 9955 4868 2006 7607 6230 339 0 5898 7933
1370 3697 3756 4275 4910 3232 1722 3338 5502 1832 2430 4643 2550 5042 2295 1234 5895 5898 0 2621
3405 5732 5791 2732 3367 5267 3757 1795 7537 2129 4465 3100 4585 7077 986 3269 7930 7933 2621 0
